[1]
[2]
[5]
[23]
[24]
[31]
[36]
[38]
[41]
[55]
[56]
[57]
[67]
[71]
[79]
[88]
[90]
[94]
[97]
[104]
[120]
[24, 38]
[24, 90]
[79, 94]
[94, 120]
[1, 90]
[36, 41]
[94, 97]
[38, 120]
[31, 94]
[23, 36]
[57, 97]
[36, 104]
[88, 97]
[38, 97]
[36, 56]
[57, 94]
[71, 104]
[38, 67]
[38, 71]
[24, 97]
[41, 57]
[5, 90]
[38, 94]
[55, 90]
[1, 97]
[88, 94]
[56, 90]
[36, 57]
[2, 36]
[1, 71]
[31, 41]
[67, 88]
[1, 67]
[24, 94]
[67, 90]
[1, 94]
[97, 120]
[31, 36]
[38, 41]
[94, 104]
[67, 79]
[5, 97]
[56, 97]
[38, 104]
[67, 97]
[1, 41]
[5, 94]
[56, 94]
[23, 90]
[41, 90]
[36, 88]
[36, 38]
[36, 90]
[90, 120]
[67, 71]
[38, 56]
[67, 94]
[24, 36]
[90, 97]
[1, 36]
[38, 57]
[71, 90]
[90, 94]
[2, 38]
[2, 90]
[36, 79]
[79, 88]
[36, 120]
[79, 90]
[97, 104]
[41, 97]
[36, 97]
[41, 71]
[5, 36]
[36, 71]
[31, 90]
[23, 94]
[41, 67]
[36, 67]
[41, 94]
[71, 97]
[36, 94]
[67, 104]
[2, 97]
[57, 90]
[71, 94]
[1, 31]
[79, 97]
[88, 90]
[90, 104]
[38, 90]
[2, 94]
[1, 41, 97]
[5, 94, 97]
[56, 94, 97]
[36, 41, 67]
[31, 36, 90]
[5, 36, 94]
[36, 71, 94]
[31, 90, 94]
[36, 90, 97]
[41, 67, 94]
[67, 79, 90]
[36, 88, 97]
[36, 67, 94]
[38, 41, 90]
[36, 38, 97]
[38, 90, 120]
[67, 94, 97]
[38, 67, 71]
[24, 36, 97]
[41, 90, 97]
[67, 71, 97]
[38, 56, 97]
[1, 36, 97]
[38, 57, 97]
[38, 41, 57]
[71, 90, 97]
[57, 90, 94]
[1, 41, 90]
[1, 31, 94]
[88, 90, 94]
[2, 90, 97]
[38, 90, 94]
[36, 88, 90]
[36, 79, 97]
[90, 94, 97]
[36, 38, 90]
[2, 38, 97]
[67, 97, 104]
[67, 71, 90]
[38, 56, 90]
[94, 97, 120]
[24, 36, 90]
[79, 90, 97]
[1, 36, 90]
[24, 90, 94]
[38, 57, 90]
[36, 90, 104]
[36, 79, 88]
[36, 38, 57]
[1, 90, 94]
[36, 41, 94]
[90, 97, 104]
[67, 94, 104]
[38, 97, 120]
[5, 36, 97]
[36, 71, 97]
[2, 38, 90]
[36, 67, 97]
[36, 79, 90]
[71, 90, 104]
[41, 94, 97]
[36, 94, 97]
[23, 36, 94]
[79, 88, 90]
[90, 94, 104]
[38, 94, 120]
[36, 67, 88]
[57, 90, 97]
[71, 94, 97]
[36, 56, 94]
[38, 71, 94]
[41, 71, 90]
[36, 38, 71]
[88, 90, 97]
[5, 36, 90]
[41, 67, 90]
[36, 71, 90]
[36, 67, 90]
[41, 57, 94]
[38, 90, 97]
[56, 90, 94]
[36, 57, 94]
[36, 38, 41]
[2, 94, 97]
[38, 67, 94]
[36, 97, 104]
[5, 90, 94]
[2, 36, 94]
[1, 41, 67]
[24, 38, 97]
[24, 90, 97]
[79, 94, 97]
[36, 67, 104]
[1, 67, 94]
[1, 90, 97]
[67, 90, 94]
[36, 38, 67]
[36, 94, 104]
[36, 41, 97]
[67, 88, 94]
[1, 36, 41]
[1, 31, 90]
[1, 36, 67]
[36, 67, 79]
[31, 36, 94]
[38, 90, 104]
[24, 38, 90]
[38, 41, 94]
[67, 79, 94]
[36, 41, 90]
[36, 56, 97]
[57, 94, 97]
[38, 71, 97]
[36, 38, 120]
[38, 67, 97]
[36, 90, 120]
[36, 67, 71]
[88, 94, 97]
[56, 90, 97]
[36, 57, 97]
[90, 97, 120]
[38, 94, 97]
[1, 41, 94]
[5, 90, 97]
[23, 36, 90]
[36, 41, 57]
[2, 36, 97]
[94, 97, 104]
[23, 90, 94]
[41, 90, 94]
[36, 88, 94]
[1, 67, 97]
[36, 38, 94]
[67, 71, 94]
[24, 94, 97]
[38, 56, 94]
[67, 90, 97]
[36, 90, 94]
[1, 94, 97]
[36, 56, 90]
[90, 94, 120]
[24, 36, 94]
[38, 71, 90]
[1, 31, 36]
[2, 36, 38]
[38, 67, 90]
[38, 57, 94]
[36, 38, 56]
[41, 57, 90]
[1, 31, 41]
[1, 36, 94]
[36, 57, 90]
[71, 90, 94]
[2, 36, 90]
[2, 38, 94]
[36, 97, 120]
[2, 90, 94]
[38, 41, 97]
[36, 79, 94]
[1, 67, 90]
[1, 71, 90]
[31, 41, 90]
[67, 88, 90]
[79, 88, 94]
[79, 90, 94]
[36, 94, 120]
[67, 90, 104]
[36, 79, 90, 97]
[67, 90, 94, 104]
[36, 67, 71, 94]
[23, 36, 90, 94]
[36, 41, 57, 94]
[1, 31, 36, 94]
[36, 67, 90, 97]
[2, 36, 38, 94]
[36, 38, 41, 97]
[38, 67, 90, 94]
[36, 38, 56, 94]
[2, 36, 94, 97]
[36, 38, 67, 97]
[67, 88, 90, 94]
[67, 90, 97, 104]
[36, 38, 94, 120]
[38, 41, 94, 97]
[36, 38, 71, 90]
[67, 79, 90, 94]
[36, 38, 94, 97]
[24, 36, 94, 97]
[36, 38, 97, 120]
[1, 36, 90, 94]
[2, 36, 90, 97]
[79, 88, 90, 94]
[90, 94, 97, 120]
[38, 90, 94, 120]
[36, 38, 90, 120]
[38, 41, 90, 97]
[36, 38, 71, 94]
[38, 67, 71, 97]
[5, 36, 90, 94]
[36, 71, 90, 94]
[41, 67, 90, 94]
[38, 90, 94, 97]
[36, 38, 90, 97]
[24, 36, 90, 97]
[36, 38, 57, 97]
[38, 90, 97, 120]
[38, 71, 94, 97]
[36, 56, 90, 94]
[56, 90, 94, 97]
[36, 57, 94, 97]
[67, 90, 94, 97]
[1, 67, 90, 94]
[36, 90, 94, 104]
[31, 36, 90, 94]
[36, 38, 41, 90]
[1, 41, 94, 97]
[36, 38, 67, 90]
[41, 90, 94, 97]
[67, 71, 94, 97]
[38, 56, 94, 97]
[38, 71, 90, 97]
[36, 88, 90, 94]
[36, 90, 97, 104]
[71, 90, 94, 97]
[36, 57, 90, 97]
[38, 57, 90, 94]
[2, 38, 94, 97]
[79, 90, 94, 97]
[36, 79, 90, 94]
[36, 38, 67, 71]
[1, 31, 41, 90]
[36, 67, 90, 94]
[36, 38, 41, 94]
[57, 90, 94, 97]
[1, 41, 90, 97]
[67, 71, 90, 97]
[36, 38, 67, 94]
[38, 56, 90, 97]
[1, 90, 94, 97]
[36, 41, 94, 97]
[2, 38, 90, 97]
[38, 67, 71, 90]
[38, 41, 57, 90]
[38, 67, 94, 97]
[36, 38, 41, 57]
[5, 90, 94, 97]
[36, 79, 88, 90]
[36, 38, 57, 90]
[41, 57, 90, 94]
[1, 36, 41, 97]
[2, 36, 90, 94]
[38, 94, 97, 120]
[36, 67, 88, 90]
[36, 90, 94, 120]
[24, 38, 90, 97]
[36, 41, 90, 97]
[38, 41, 90, 94]
[36, 67, 71, 97]
[38, 67, 71, 94]
[1, 41, 67, 90]
[38, 41, 57, 94]
[36, 90, 94, 97]
[2, 36, 38, 97]
[36, 38, 90, 94]
[38, 67, 90, 97]
[36, 38, 56, 97]
[36, 67, 94, 104]
[1, 36, 94, 97]
[24, 36, 90, 94]
[36, 90, 97, 120]
[36, 79, 88, 94]
[36, 38, 57, 94]
[36, 67, 88, 94]
[5, 36, 94, 97]
[36, 71, 94, 97]
[36, 94, 97, 104]
[1, 31, 90, 94]
[1, 36, 90, 97]
[36, 67, 90, 104]
[36, 41, 67, 90]
[36, 56, 94, 97]
[36, 38, 71, 97]
[5, 36, 90, 97]
[36, 71, 90, 97]
[38, 71, 90, 94]
[36, 57, 90, 94]
[36, 41, 67, 94]
[1, 36, 41, 90]
[36, 88, 94, 97]
[1, 41, 90, 94]
[36, 56, 90, 97]
[67, 71, 90, 94]
[1, 36, 67, 90]
[38, 56, 90, 94]
[38, 57, 94, 97]
[36, 67, 79, 90]
[2, 90, 94, 97]
[36, 79, 94, 97]
[1, 67, 90, 97]
[36, 67, 71, 90]
[2, 38, 90, 94]
[90, 94, 97, 104]
[36, 41, 57, 90]
[1, 31, 36, 90]
[36, 67, 94, 97]
[2, 36, 38, 90]
[36, 38, 56, 90]
[88, 90, 94, 97]
[36, 94, 97, 120]
[36, 88, 90, 97]
[1, 36, 41, 94]
[38, 57, 90, 97]
[24, 90, 94, 97]
[1, 36, 67, 94]
[36, 67, 79, 94]
[36, 41, 90, 94]
[36, 90, 94, 97, 104]
[36, 67, 71, 90, 97]
[2, 38, 90, 94, 97]
[36, 79, 90, 94, 97]
[2, 36, 38, 90, 97]
[36, 41, 67, 90, 94]
[36, 38, 56, 90, 97]
[36, 38, 71, 94, 97]
[5, 36, 90, 94, 97]
[36, 71, 90, 94, 97]
[36, 38, 67, 71, 90]
[36, 67, 90, 94, 97]
[38, 67, 71, 90, 94]
[36, 38, 41, 94, 97]
[38, 41, 57, 90, 94]
[1, 36, 41, 94, 97]
[36, 38, 67, 94, 97]
[36, 67, 90, 94, 104]
[36, 38, 41, 57, 94]
[36, 79, 88, 90, 94]
[36, 38, 57, 90, 94]
[36, 38, 94, 97, 120]
[38, 67, 71, 90, 97]
[36, 90, 94, 97, 120]
[36, 41, 90, 94, 97]
[36, 67, 71, 94, 97]
[36, 38, 90, 94, 120]
[36, 67, 88, 90, 94]
[36, 38, 71, 90, 94]
[2, 36, 38, 94, 97]
[36, 56, 90, 94, 97]
[38, 67, 90, 94, 97]
[38, 71, 90, 94, 97]
[36, 38, 56, 94, 97]
[36, 38, 57, 90, 97]
[36, 38, 41, 90, 94]
[36, 57, 90, 94, 97]
[36, 38, 41, 57, 90]
[2, 36, 90, 94, 97]
[1, 36, 41, 90, 94]
[36, 38, 67, 90, 94]
[1, 36, 67, 90, 94]
[36, 67, 79, 90, 94]
[36, 38, 71, 90, 97]
[38, 41, 90, 94, 97]
[38, 90, 94, 97, 120]
[36, 38, 41, 90, 97]
[36, 38, 90, 97, 120]
[36, 67, 71, 90, 94]
[1, 36, 41, 90, 97]
[36, 38, 67, 90, 97]
[36, 41, 57, 90, 94]
[1, 41, 90, 94, 97]
[36, 38, 67, 71, 94]
[36, 38, 90, 94, 97]
[36, 88, 90, 94, 97]
[1, 31, 36, 90, 94]
[67, 71, 90, 94, 97]
[38, 56, 90, 94, 97]
[2, 36, 38, 90, 94]
[24, 36, 90, 94, 97]
[36, 38, 56, 90, 94]
[1, 36, 90, 94, 97]
[38, 57, 90, 94, 97]
[36, 38, 57, 94, 97]
[36, 38, 90, 94, 97, 120]
[36, 38, 57, 90, 94, 97]
[36, 38, 67, 71, 90, 94]
[1, 36, 41, 90, 94, 97]
[36, 38, 67, 90, 94, 97]
[2, 36, 38, 90, 94, 97]
[36, 38, 56, 90, 94, 97]
[36, 38, 71, 90, 94, 97]
[36, 38, 41, 57, 90, 94]
[36, 67, 71, 90, 94, 97]
[36, 38, 41, 90, 94, 97]
